# Dataset "Data 0" exported from GenX on Tue Apr  2 13:46:10 2024
# Column lables:
# x	I_simulated	I	error(I)
7.099999999999999645e-01 1.012236443867799826e+06 3.496800000000000000e+05 nan
7.199999999999999734e-01 9.453016841821601847e+05 3.498040000000000000e+05 nan
7.299999999999999822e-01 8.503166808389245998e+05 3.538340000000000000e+05 nan
7.399999999999999911e-01 7.367024879310760880e+05 3.506100000000000000e+05 nan
7.500000000000000000e-01 6.204756338283570949e+05 3.688380000000000000e+05 nan
7.600000000000000089e-01 5.143348503901455551e+05 3.693960000000000000e+05 nan
7.700000000000000178e-01 4.211972644123312784e+05 3.582980000000000000e+05 nan
7.800000000000000266e-01 3.416860585749817546e+05 3.679700000000000000e+05 nan
7.900000000000000355e-01 2.830536323844672297e+05 3.624520000000000000e+05 nan
8.000000000000000444e-01 2.515146898124954605e+05 3.560040000000000000e+05 nan
8.100000000000000533e-01 2.372226216093055846e+05 3.297780000000000000e+05 nan
8.199999999999999512e-01 2.256189566514696344e+05 2.864400000000000000e+05 nan
8.299999999999999600e-01 2.037338907797756838e+05 2.288420000000000000e+05 nan
8.399999999999999689e-01 1.698063617498705862e+05 1.859380000000000000e+05 nan
8.499999999999999778e-01 1.336289653906182793e+05 1.641760000000000000e+05 nan
8.599999999999999867e-01 1.089980737410903821e+05 1.461340000000000000e+05 nan
8.699999999999999956e-01 1.025623862095734221e+05 1.203040000000000000e+05 nan
8.800000000000000044e-01 1.095676157882298721e+05 8.279200000000000000e+04 nan
8.900000000000000133e-01 1.187566632100652496e+05 7.512800000000000000e+04 nan
9.000000000000000222e-01 1.198520918028548476e+05 8.674400000000000000e+04 nan
9.100000000000000311e-01 1.086505989597702137e+05 1.009840000000000000e+05 nan
9.200000000000000400e-01 8.812976525344382389e+04 9.943200000000000000e+04 nan
9.300000000000000488e-01 6.581385825386022043e+04 8.201600000000000000e+04 nan
9.399999999999999467e-01 4.932996119455669395e+04 5.684000000000000000e+04 nan
9.499999999999999556e-01 4.284035742815454432e+04 3.687200000000000000e+04 nan
9.599999999999999645e-01 4.580351292410178576e+04 3.220800000000000000e+04 nan
9.699999999999999734e-01 5.402654671655550919e+04 3.759200000000000000e+04 nan
9.799999999999999822e-01 6.198456887197417382e+04 5.217600000000000000e+04 nan
9.899999999999999911e-01 6.517187782344661537e+04 5.798400000000000000e+04 nan
1.000000000000000000e+00 6.163007739931642573e+04 5.938400000000000000e+04 nan
1.010000000000000009e+00 5.227439812316846655e+04 5.372800000000000000e+04 nan
1.020000000000000018e+00 4.011137562951091968e+04 4.211200000000000000e+04 nan
1.030000000000000027e+00 2.882953447555886305e+04 2.797600000000000000e+04 nan
1.040000000000000036e+00 2.138046396473907589e+04 1.930400000000000000e+04 nan
1.050000000000000044e+00 1.906693490667981678e+04 1.689600000000000000e+04 nan
1.060000000000000053e+00 2.136425924104565638e+04 1.866400000000000000e+04 nan
1.070000000000000062e+00 2.636740613848284192e+04 2.440000000000000000e+04 nan
1.080000000000000071e+00 3.158589189490272111e+04 3.064800000000000000e+04 nan
1.090000000000000080e+00 3.480202042062836699e+04 3.478400000000000000e+04 nan
1.100000000000000089e+00 3.473842809897779080e+04 3.426400000000000000e+04 nan
1.110000000000000098e+00 3.134135266502719605e+04 3.154400000000000000e+04 nan
1.120000000000000107e+00 2.562444986016756229e+04 2.472000000000000000e+04 nan
1.129999999999999893e+00 1.919050004780412928e+04 1.829600000000000000e+04 nan
1.139999999999999902e+00 1.365681108123064223e+04 1.205200000000000000e+04 nan
1.149999999999999911e+00 1.019236954965528821e+04 1.019100000000000000e+04 nan
1.159999999999999920e+00 9.264839346132546780e+03 9.337000000000000000e+03 nan
1.169999999999999929e+00 1.059988005477564911e+04 1.054500000000000000e+04 nan
1.179999999999999938e+00 1.332999456622855178e+04 1.493500000000000000e+04 nan
1.189999999999999947e+00 1.629857897401832270e+04 1.757200000000000000e+04 nan
1.199999999999999956e+00 1.843217320394064518e+04 1.870000000000000000e+04 nan
1.209999999999999964e+00 1.904580037546113090e+04 1.886300000000000000e+04 nan
1.219999999999999973e+00 1.797517944415947568e+04 1.821200000000000000e+04 nan
1.229999999999999982e+00 1.552639873228420038e+04 1.510500000000000000e+04 nan
1.239999999999999991e+00 1.231592567176110242e+04 1.125800000000000000e+04 nan
1.250000000000000000e+00 9.082124420563572130e+03 9.122000000000000000e+03 nan
1.260000000000000009e+00 6.506499003550642556e+03 6.495000000000000000e+03 nan
1.270000000000000018e+00 5.055670757317768221e+03 4.895000000000000000e+03 nan
1.280000000000000027e+00 4.871579119458109744e+03 6.262000000000000000e+03 nan
1.290000000000000036e+00 5.755035898922695196e+03 7.192000000000000000e+03 nan
1.300000000000000044e+00 7.258214964501562463e+03 8.163000000000000000e+03 nan
1.310000000000000053e+00 8.842081067483788502e+03 1.043900000000000000e+04 nan
1.320000000000000062e+00 1.002576034321707448e+04 1.129600000000000000e+04 nan
1.330000000000000071e+00 1.048253537598053299e+04 1.079800000000000000e+04 nan
1.340000000000000080e+00 1.008401408513211209e+04 1.040700000000000000e+04 nan
1.350000000000000089e+00 8.910321243848373342e+03 9.362000000000000000e+03 nan
1.360000000000000098e+00 7.226801026114289925e+03 7.320000000000000000e+03 nan
1.370000000000000107e+00 5.414903383332693920e+03 5.132000000000000000e+03 nan
1.379999999999999893e+00 3.863666389665167571e+03 4.522000000000000000e+03 nan
1.389999999999999902e+00 2.860618125268129006e+03 3.266000000000000000e+03 nan
1.399999999999999911e+00 2.527705569664568429e+03 2.679000000000000000e+03 nan
1.409999999999999920e+00 2.818234304070640064e+03 3.824000000000000000e+03 nan
1.419999999999999929e+00 3.555182194824938506e+03 4.310000000000000000e+03 nan
1.429999999999999938e+00 4.483213588982117471e+03 4.823000000000000000e+03 nan
1.439999999999999947e+00 5.324094133158835575e+03 6.091000000000000000e+03 nan
1.449999999999999956e+00 5.837794366879895279e+03 6.582000000000000000e+03 nan
1.459999999999999964e+00 5.882115230544430233e+03 6.084000000000000000e+03 nan
1.469999999999999973e+00 5.447732001210559247e+03 5.694000000000000000e+03 nan
1.479999999999999982e+00 4.648743752606103044e+03 5.129000000000000000e+03 nan
1.489999999999999991e+00 3.673713046639045842e+03 3.702000000000000000e+03 nan
1.500000000000000000e+00 2.724932718956010376e+03 2.411000000000000000e+03 nan
1.510000000000000009e+00 1.972416350861150704e+03 2.298000000000000000e+03 nan
1.520000000000000018e+00 1.528837763989943596e+03 1.517000000000000000e+03 nan
1.530000000000000027e+00 1.436371348428696365e+03 1.253000000000000000e+03 nan
1.540000000000000036e+00 1.660235910879533549e+03 2.134000000000000000e+03 nan
1.550000000000000044e+00 2.095923879006913467e+03 2.395000000000000000e+03 nan
1.560000000000000053e+00 2.597721678423900357e+03 2.528000000000000000e+03 nan
1.570000000000000062e+00 3.021707021270958194e+03 3.471000000000000000e+03 nan
1.580000000000000071e+00 3.263375921112882224e+03 3.687000000000000000e+03 nan
1.590000000000000080e+00 3.273972646201412317e+03 3.223000000000000000e+03 nan
1.600000000000000089e+00 3.056579981803955434e+03 3.007000000000000000e+03 nan
1.610000000000000098e+00 2.654978364355852591e+03 2.937000000000000000e+03 nan
1.620000000000000107e+00 2.144309662336950169e+03 2.124000000000000000e+03 nan
1.629999999999999893e+00 1.620576581575536466e+03 1.501000000000000000e+03 nan
1.639999999999999902e+00 1.181891106108877921e+03 1.385000000000000000e+03 nan
1.649999999999999911e+00 9.030696692360788802e+02 8.840000000000000000e+02 nan
1.659999999999999920e+00 8.156047547287938642e+02 6.710000000000000000e+02 nan
1.669999999999999929e+00 9.041548157994009216e+02 1.092000000000000000e+03 nan
1.679999999999999938e+00 1.118867787751402147e+03 1.161000000000000000e+03 nan
1.689999999999999947e+00 1.392807829031923802e+03 1.296000000000000000e+03 nan
1.699999999999999956e+00 1.655327506018284112e+03 1.777000000000000000e+03 nan
1.709999999999999964e+00 1.841523107068198215e+03 2.022000000000000000e+03 nan
1.719999999999999973e+00 1.902985028543392900e+03 1.875000000000000000e+03 nan
1.729999999999999982e+00 1.820381860865193175e+03 1.717000000000000000e+03 nan
1.739999999999999991e+00 1.610768009186179370e+03 1.850000000000000000e+03 nan
1.750000000000000000e+00 1.322176379724030085e+03 1.367000000000000000e+03 nan
1.760000000000000009e+00 1.016570849528789267e+03 8.850000000000000000e+02 nan
1.770000000000000018e+00 7.507773927904868287e+02 8.470000000000000000e+02 nan
1.780000000000000027e+00 5.647958978542377508e+02 5.430000000000000000e+02 nan
1.790000000000000036e+00 4.789413843172099519e+02 3.920000000000000000e+02 nan
1.800000000000000044e+00 4.946096571886187689e+02 5.350000000000000000e+02 nan
1.810000000000000053e+00 5.945618554591962948e+02 5.680000000000000000e+02 nan
1.820000000000000062e+00 7.444735844200972679e+02 6.640000000000000000e+02 nan
1.830000000000000071e+00 8.999857039812702624e+02 8.170000000000000000e+02 nan
1.840000000000000080e+00 1.019225082227900884e+03 1.148000000000000000e+03 nan
1.850000000000000089e+00 1.074735121335179429e+03 1.019000000000000000e+03 nan
1.860000000000000098e+00 1.058151388121354785e+03 9.840000000000000000e+02 nan
1.870000000000000107e+00 9.767496109985917201e+02 1.124000000000000000e+03 nan
1.879999999999999893e+00 8.470237776492491548e+02 8.990000000000000000e+02 nan
1.889999999999999902e+00 6.906126854147514678e+02 5.750000000000000000e+02 nan
1.899999999999999911e+00 5.328543901992658220e+02 6.280000000000000000e+02 nan
1.909999999999999920e+00 4.002299373798815054e+02 4.420000000000000000e+02 nan
1.919999999999999929e+00 3.144303538711739066e+02 3.120000000000000000e+02 nan
1.929999999999999938e+00 2.856132184080100274e+02 2.330000000000000000e+02 nan
1.939999999999999947e+00 3.097297948573497024e+02 3.180000000000000000e+02 nan
1.949999999999999956e+00 3.718488512679102200e+02 3.060000000000000000e+02 nan
1.959999999999999964e+00 4.524799803261473130e+02 3.410000000000000000e+02 nan
1.969999999999999973e+00 5.323259887946329627e+02 5.600000000000000000e+02 nan
1.979999999999999982e+00 5.939692818333052173e+02 5.940000000000000000e+02 nan
1.989999999999999991e+00 6.228293642112928410e+02 5.750000000000000000e+02 nan
2.000000000000000000e+00 6.099362294414692087e+02 7.480000000000000000e+02 nan
2.009999999999999787e+00 5.557208720193229965e+02 6.190000000000000000e+02 nan
2.020000000000000018e+00 4.713028321747298719e+02 4.570000000000000000e+02 nan
2.029999999999999805e+00 3.749995816763723155e+02 3.750000000000000000e+02 nan
2.040000000000000036e+00 2.857646506148652747e+02 3.070000000000000000e+02 nan
2.049999999999999822e+00 2.177194410871330490e+02 1.750000000000000000e+02 nan
2.060000000000000053e+00 1.784103417326581393e+02 1.380000000000000000e+02 nan
2.069999999999999840e+00 1.698102851333388230e+02 2.090000000000000000e+02 nan
2.080000000000000071e+00 1.893154659147151335e+02 1.870000000000000000e+02 nan
2.089999999999999858e+00 2.295934447572882959e+02 1.740000000000000000e+02 nan
2.100000000000000089e+00 2.787913022268399459e+02 2.810000000000000000e+02 nan
2.109999999999999876e+00 3.230250618346311740e+02 3.070000000000000000e+02 nan
2.120000000000000107e+00 3.507600519569613766e+02 3.140000000000000000e+02 nan
2.129999999999999893e+00 3.563690976941419990e+02 3.660000000000000000e+02 nan
2.140000000000000124e+00 3.405259924180306257e+02 3.850000000000000000e+02 nan
2.149999999999999911e+00 3.078116410031830128e+02 2.910000000000000000e+02 nan
2.160000000000000142e+00 2.640739133893816302e+02 2.450000000000000000e+02 nan
2.169999999999999929e+00 2.155144197038837035e+02 2.580000000000000000e+02 nan
2.180000000000000160e+00 1.690530400125466599e+02 1.530000000000000000e+02 nan
2.189999999999999947e+00 1.320312107969655813e+02 1.060000000000000000e+02 nan
2.200000000000000178e+00 1.103015685171419165e+02 1.490000000000000000e+02 nan
2.209999999999999964e+00 1.059178261884878651e+02 8.900000000000000000e+01 nan
2.220000000000000195e+00 1.164586064393839422e+02 9.300000000000000000e+01 nan
2.229999999999999982e+00 1.365949593949627854e+02 1.280000000000000000e+02 nan
2.240000000000000213e+00 1.604690100176712235e+02 1.770000000000000000e+02 nan
2.250000000000000000e+00 1.830093793940256717e+02 1.600000000000000000e+02 nan
2.259999999999999787e+00 1.998122934405124624e+02 1.900000000000000000e+02 nan
2.270000000000000018e+00 2.068693714111354041e+02 2.700000000000000000e+02 nan
2.279999999999999805e+00 2.013866903770477848e+02 1.980000000000000000e+02 nan
2.290000000000000036e+00 1.833624105213440032e+02 1.670000000000000000e+02 nan
2.299999999999999822e+00 1.563371422497916683e+02 2.120000000000000000e+02 nan
2.310000000000000053e+00 1.262440918981513818e+02 1.310000000000000000e+02 nan
2.319999999999999840e+00 9.901302744080784635e+01 7.800000000000000000e+01 nan
2.330000000000000071e+00 7.866447657269334570e+01 8.200000000000000000e+01 nan
2.339999999999999858e+00 6.697750418823747509e+01 8.200000000000000000e+01 nan
2.350000000000000089e+00 6.423334781780202718e+01 6.800000000000000000e+01 nan
2.359999999999999876e+00 6.974721095495623047e+01 8.500000000000000000e+01 nan
2.370000000000000107e+00 8.162448995523430995e+01 8.800000000000000000e+01 nan
2.379999999999999893e+00 9.643766743038085565e+01 9.600000000000000000e+01 nan
2.390000000000000124e+00 1.098267594255803061e+02 1.020000000000000000e+02 nan
2.399999999999999911e+00 1.180511868898232422e+02 1.590000000000000000e+02 nan
2.410000000000000142e+00 1.193978682904506314e+02 1.100000000000000000e+02 nan
2.419999999999999929e+00 1.143538164212928052e+02 8.400000000000000000e+01 nan
2.430000000000000160e+00 1.045852660463160788e+02 1.390000000000000000e+02 nan
2.439999999999999947e+00 9.180542436961843578e+01 1.190000000000000000e+02 nan
2.450000000000000178e+00 7.748588347684466271e+01 6.800000000000000000e+01 nan
2.459999999999999964e+00 6.329735438301137407e+01 9.400000000000000000e+01 nan
2.470000000000000195e+00 5.136283712226582310e+01 7.000000000000000000e+01 nan
2.479999999999999982e+00 4.370775682531840545e+01 2.500000000000000000e+01 nan
2.490000000000000213e+00 4.128605652199867393e+01 5.100000000000000000e+01 nan
2.500000000000000000e+00 4.351204462130739614e+01 3.700000000000000000e+01 nan
2.509999999999999787e+00 4.874717009922535738e+01 3.300000000000000000e+01 nan
2.520000000000000018e+00 5.524501065641197073e+01 5.100000000000000000e+01 nan
2.529999999999999805e+00 6.168684290109401758e+01 5.700000000000000000e+01 nan
2.540000000000000036e+00 6.700379484246093398e+01 5.700000000000000000e+01 nan
2.549999999999999822e+00 7.000663657703287868e+01 5.600000000000000000e+01 nan
2.560000000000000053e+00 6.951264613260110536e+01 1.120000000000000000e+02 nan
2.569999999999999840e+00 6.501923092118289560e+01 7.300000000000000000e+01 nan
2.580000000000000071e+00 5.726832195196928410e+01 3.700000000000000000e+01 nan
2.589999999999999858e+00 4.806107454306263094e+01 6.400000000000000000e+01 nan
2.600000000000000089e+00 3.939482441649381883e+01 3.400000000000000000e+01 nan
2.609999999999999876e+00 3.262952967286660311e+01 3.500000000000000000e+01 nan
2.620000000000000107e+00 2.829103985384695363e+01 3.600000000000000000e+01 nan
2.629999999999999893e+00 2.643731778940342281e+01 1.900000000000000000e+01 nan
2.640000000000000124e+00 2.700491090678788453e+01 2.700000000000000000e+01 nan
2.649999999999999911e+00 2.972915983309145815e+01 3.400000000000000000e+01 nan
2.660000000000000142e+00 3.383335991252896946e+01 3.800000000000000000e+01 nan
2.669999999999999929e+00 3.800881259671942303e+01 3.800000000000000000e+01 nan
2.680000000000000160e+00 4.090422303655395098e+01 4.100000000000000000e+01 nan
2.689999999999999947e+00 4.176712712857787579e+01 4.200000000000000000e+01 nan
2.700000000000000178e+00 4.067822369417066852e+01 3.700000000000000000e+01 nan
2.709999999999999964e+00 3.820992068841044187e+01 3.200000000000000000e+01 nan
2.720000000000000195e+00 3.489391049346324536e+01 2.600000000000000000e+01 nan
2.729999999999999982e+00 3.101187881827475223e+01 2.600000000000000000e+01 nan
2.740000000000000213e+00 2.681921122033774196e+01 2.300000000000000000e+01 nan
